100 172
5500 200
9300 300
7800 400
3100 500
9700 600
6000 800
1200 900
3900 900
5600 900
6800 1000
6350 1100
7500 1200
2000 1400
6100 1400
5000 1500
9900 1500
8200 2000
800 1800
3000 1900
4000 1900
9000 1900
7900 1500
1800 2300
7700 2300
500 2400
4800 2400
10000 2400
8100 2600
1900 2700
3900 2700
6700 2500
6400 3100
8800 3200
5400 3400
800 3600
7500 3700
9300 3500
9500 3900
9900 3500
4000 4100
7300 4200
300 4400
2400 4400
5900 4400
2700 4000
600 4800
3800 4600
1000 4800
6800 4900
9300 4900
700 4100
100 5100
4500 5100
8600 5100
3300 5200
1200 5300
2900 5400
7500 5500
200 5600
6800 5800
9800 5400
4900 6000
9900 6100
2100 6300
4100 6300
4400 6500
9000 6500
9500 6400
9800 6800
6800 6900
1300 7200
5100 7200
2500 7300
1800 7500
4700 7500
5800 7800
300 7400
4900 8000
100 8100
1000 7600
1600 8200
7700 8200
1200 8300
5900 8300
100 8600
9500 8100
9300 8700
5200 8900
1000 9000
2800 9100
4800 9100
700 9200
3400 9200
8200 9300
9100 9400
4800 9500
1900 9700
3000 9800
9800 9800
6200 10000
1 6
1 8
2 3
2 5
3 10
4 8
4 13
5 16
5 21
6 9
6 10
7 13
7 18
8 9
8 15
9 11
10 11
10 12
11 12
11 14
12 14
12 22
13 18
13 19
14 15
14 26
15 20
15 26
16 21
17 21
17 22
18 23
18 25
19 20
19 23
20 26
20 30
21 22
21 28
22 24
22 28
23 25
23 29
24 28
24 31
25 29
25 35
26 30
26 32
27 33
27 37
28 31
28 32
29 35
29 43
30 34
30 40
31 32
32 34
32 36
33 36
33 37
34 40
34 44
35 42
35 43
36 41
36 44
37 38
37 39
38 39
38 50
39 50
40 45
41 44
41 49
42 52
43 45
44 49
44 53
45 47
45 55
46 48
46 51
47 53
47 55
48 51
48 52
49 58
49 60
50 54
50 61
51 52
51 56
52 56
52 59
53 55
54 58
54 61
55 57
55 62
56 57
56 59
57 64
57 65
58 60
58 70
60 70
61 63
61 67
62 65
62 66
63 67
63 68
64 71
64 73
65 66
66 72
66 75
67 68
68 69
68 86
69 86
70 72
70 76
71 73
71 74
72 75
72 76
73 74
74 77
74 80
75 76
75 78
76 78
76 84
77 79
77 80
78 84
78 88
79 80
79 81
80 81
81 83
81 85
82 87
82 94
82 100
83 85
83 89
84 88
85 89
85 92
86 87
87 94
87 95
88 91
89 92
89 97
90 93
90 97
91 93
91 96
92 97
93 96
93 97
94 95
94 99
94 100
95 99
96 100
97 98
